22   1    0.00010   1.00000
23   1    0.00010   0.99990
27   4    0.00040   0.99980
29   1    0.00010   0.99940
30   1    0.00010   0.99930
31   3    0.00030   0.99920
32   3    0.00030   0.99890
33   5    0.00050   0.99860
34   2    0.00020   0.99810
35   12   0.00120   0.99790
36   3    0.00030   0.99670
37   1    0.00010   0.99640
38   6    0.00060   0.99630
39   1    0.00010   0.99570
40   13   0.00130   0.99560
41   8    0.00080   0.99430
42   2    0.00020   0.99350
43   8    0.00080   0.99330
44   20   0.00200   0.99250
45   5    0.00050   0.99050
46   2    0.00020   0.99000
47   8    0.00080   0.98980
48   8    0.00080   0.98900
50   10   0.00100   0.98820
51   15   0.00150   0.98720
52   11   0.00110   0.98570
53   11   0.00110   0.98460
54   69   0.00690   0.98350
55   50   0.00500   0.97660
56   15   0.00150   0.97160
57   15   0.00150   0.97010
58   44   0.00440   0.96860
60   38   0.00380   0.96420
61   12   0.00120   0.96040
62   68   0.00680   0.95920
63   16   0.00160   0.95240
64   39   0.00390   0.95080
65   33   0.00330   0.94690
66   212  0.02120   0.94360
67   102  0.01020   0.92240
68   42   0.00420   0.91220
69   36   0.00360   0.90800
70   1    0.00010   0.90440
71   60   0.00600   0.90430
72   52   0.00520   0.89830
73   77   0.00770   0.89310
76   13   0.00130   0.88540
77   54   0.00540   0.88410
79   112  0.01120   0.87870
80   4    0.00040   0.86750
82   3    0.00030   0.86710
83   3    0.00030   0.86680
84   2    0.00020   0.86650
85   142  0.01420   0.86630
86   60   0.00600   0.85210
87   65   0.00650   0.84610
88   96   0.00960   0.83960
90   142  0.01420   0.83000
91   5    0.00050   0.81580
92   147  0.01470   0.81530
93   22   0.00220   0.80060
95   3    0.00030   0.79840
96   99   0.00990   0.79810
97   20   0.00200   0.78820
98   330  0.03300   0.78620
99   44   0.00440   0.75320
100  3    0.00030   0.74880
101  25   0.00250   0.74850
102  60   0.00600   0.74600
103  186  0.01860   0.74000
104  37   0.00370   0.72140
105  18   0.00180   0.71770
106  216  0.02160   0.71590
107  1    0.00010   0.69430
108  50   0.00500   0.69420
109  5    0.00050   0.68920
110  9    0.00090   0.68870
111  47   0.00470   0.68780
112  40   0.00400   0.68310
113  299  0.02990   0.67910
114  2    0.00020   0.64920
116  7    0.00070   0.64900
117  244  0.02440   0.64830
118  28   0.00280   0.62390
119  130  0.01300   0.62110
121  5    0.00050   0.60810
125  71   0.00710   0.60760
126  79   0.00790   0.60050
127  29   0.00290   0.59260
129  4    0.00040   0.58970
133  2    0.00020   0.58930
134  98   0.00980   0.58910
135  271  0.02710   0.57930
138  2    0.00020   0.55220
139  52   0.00520   0.55200
140  1    0.00010   0.54680
142  138  0.01380   0.54670
143  8    0.00080   0.53290
146  131  0.01310   0.53210
147  131  0.01310   0.51900
148  360  0.03600   0.50590
149  131  0.01310   0.46990
150  20   0.00200   0.45680
152  205  0.02050   0.45480
153  137  0.01370   0.43430
154  18   0.00180   0.42060
155  265  0.02650   0.41880
157  110  0.01100   0.39230
159  130  0.01300   0.38130
161  81   0.00810   0.36830
162  173  0.01730   0.36020
163  25   0.00250   0.34290
164  13   0.00130   0.34040
165  132  0.01320   0.33910
166  62   0.00620   0.32590
167  94   0.00940   0.31970
168  66   0.00660   0.31030
169  249  0.02490   0.30370
170  44   0.00440   0.27880
172  29   0.00290   0.27440
173  27   0.00270   0.27150
174  24   0.00240   0.26880
176  123  0.01230   0.26640
177  64   0.00640   0.25410
178  3    0.00030   0.24770
179  131  0.01310   0.24740
180  41   0.00410   0.23430
181  4    0.00040   0.23020
183  23   0.00230   0.22980
184  8    0.00080   0.22750
185  1    0.00010   0.22670
186  21   0.00210   0.22660
187  130  0.01300   0.22450
188  49   0.00490   0.21150
191  12   0.00120   0.20660
192  232  0.02320   0.20540
193  59   0.00590   0.18220
196  126  0.01260   0.17630
197  45   0.00450   0.16370
198  4    0.00040   0.15920
199  3    0.00030   0.15880
200  227  0.02270   0.15850
201  103  0.01030   0.13580
203  24   0.00240   0.12550
204  121  0.01210   0.12310
205  7    0.00070   0.11100
207  28   0.00280   0.11030
209  42   0.00420   0.10750
211  2    0.00020   0.10330
212  35   0.00350   0.10310
213  90   0.00900   0.09960
216  12   0.00120   0.09060
219  3    0.00030   0.08940
220  47   0.00470   0.08910
221  70   0.00700   0.08440
222  25   0.00250   0.07740
224  7    0.00070   0.07490
225  1    0.00010   0.07420
226  8    0.00080   0.07410
227  6    0.00060   0.07330
228  41   0.00410   0.07270
230  7    0.00070   0.06860
232  24   0.00240   0.06790
233  4    0.00040   0.06550
236  14   0.00140   0.06510
239  3    0.00030   0.06370
240  1    0.00010   0.06340
241  6    0.00060   0.06330
243  21   0.00210   0.06270
249  7    0.00070   0.06060
250  12   0.00120   0.05990
254  33   0.00330   0.05870
255  2    0.00020   0.05540
256  20   0.00200   0.05520
258  15   0.00150   0.05320
262  9    0.00090   0.05170
265  1    0.00010   0.05080
266  10   0.00100   0.05070
267  48   0.00480   0.04970
268  24   0.00240   0.04490
269  1    0.00010   0.04250
270  12   0.00120   0.04240
271  22   0.00220   0.04120
273  2    0.00020   0.03900
274  4    0.00040   0.03880
277  13   0.00130   0.03840
279  4    0.00040   0.03710
281  5    0.00050   0.03670
282  5    0.00050   0.03620
283  7    0.00070   0.03570
287  6    0.00060   0.03500
288  23   0.00230   0.03440
289  10   0.00100   0.03210
290  5    0.00050   0.03110
294  2    0.00020   0.03060
295  10   0.00100   0.03040
296  8    0.00080   0.02940
298  1    0.00010   0.02860
300  2    0.00020   0.02850
301  33   0.00330   0.02830
302  11   0.00110   0.02500
303  2    0.00020   0.02390
304  8    0.00080   0.02370
305  24   0.00240   0.02290
313  8    0.00080   0.02050
317  13   0.00130   0.01970
322  11   0.00110   0.01840
324  1    0.00010   0.01730
325  1    0.00010   0.01720
326  7    0.00070   0.01710
327  9    0.00090   0.01640
328  2    0.00020   0.01550
329  7    0.00070   0.01530
330  3    0.00030   0.01460
331  3    0.00030   0.01430
336  8    0.00080   0.01400
338  3    0.00030   0.01320
340  5    0.00050   0.01290
341  3    0.00030   0.01240
344  1    0.00010   0.01210
349  8    0.00080   0.01200
351  5    0.00050   0.01120
355  1    0.00010   0.01070
358  8    0.00080   0.01060
362  16   0.00160   0.00980
363  5    0.00050   0.00820
366  8    0.00080   0.00770
371  7    0.00070   0.00690
372  3    0.00030   0.00620
375  16   0.00160   0.00590
376  2    0.00020   0.00430
377  1    0.00010   0.00410
379  3    0.00030   0.00400
383  6    0.00060   0.00370
384  2    0.00020   0.00310
386  3    0.00030   0.00290
387  4    0.00040   0.00260
390  4    0.00040   0.00220
392  6    0.00060   0.00180
397  1    0.00010   0.00120
399  2    0.00020   0.00110
403  1    0.00010   0.00090
404  1    0.00010   0.00080
407  1    0.00010   0.00070
414  2    0.00020   0.00060
415  1    0.00010   0.00040
418  1    0.00010   0.00030
428  1    0.00010   0.00020
526  1    0.00010   0.00010
