14   1         0.00010        1.00000                  
16   2         0.00020        0.99990                  
17   1         0.00010        0.99970                  
18   4         0.00040        0.99960                  
19   5         0.00050        0.99920                  
20   13        0.00130        0.99870                  
21   9         0.00090        0.99740                  
22   13        0.00130        0.99650                  
23   13        0.00130        0.99520                  
24   23        0.00230        0.99390                  
25   21        0.00210        0.99160                  
26   21        0.00210        0.98950                  
27   32        0.00320        0.98740                  
28   38        0.00380        0.98420                  
29   46        0.00460        0.98040                  
30   53        0.00530        0.97580                  
31   58        0.00580        0.97050                  
32   86        0.00860        0.96470                  
33   82        0.00820        0.95610                  
34   82        0.00820        0.94790                  
35   92        0.00920        0.93970                  
36   103       0.01030        0.93050                  
37   103       0.01030        0.92020                  
38   108       0.01080        0.90990                  
39   113       0.01130        0.89910                  
40   103       0.01030        0.88780                  
41   116       0.01160        0.87750                  
42   141       0.01410        0.86590                  
43   144       0.01440        0.85180                  
44   142       0.01420        0.83740                  
45   125       0.01250        0.82320                  
46   138       0.01380        0.81070                  
47   149       0.01490        0.79690                  
48   132       0.01320        0.78200                  
49   154       0.01540        0.76880                  
50   145       0.01450        0.75340                  
51   161       0.01610        0.73890                  
52   151       0.01510        0.72280                  
53   145       0.01450        0.70770                  
54   159       0.01590        0.69320                  
55   161       0.01610        0.67730                  
56   157       0.01570        0.66120                  
57   155       0.01550        0.64550                  
58   181       0.01810        0.63000                  
59   157       0.01570        0.61190                  
60   157       0.01570        0.59620                  
61   144       0.01440        0.58050                  
62   157       0.01570        0.56610                  
63   151       0.01510        0.55040                  
64   152       0.01520        0.53530                  
65   158       0.01580        0.52010                  
66   121       0.01210        0.50430                  
67   130       0.01300        0.49220                  
68   140       0.01400        0.47920                  
69   133       0.01330        0.46520                  
70   125       0.01250        0.45190                  
71   131       0.01310        0.43940                  
72   125       0.01250        0.42630                  
73   118       0.01180        0.41380                  
74   124       0.01240        0.40200                  
75   127       0.01270        0.38960                  
76   109       0.01090        0.37690                  
77   107       0.01070        0.36600                  
78   109       0.01090        0.35530                  
79   105       0.01050        0.34440                  
80   96        0.00960        0.33390                  
81   103       0.01030        0.32430                  
82   115       0.01150        0.31400                  
83   85        0.00850        0.30250                  
84   94        0.00940        0.29400                  
85   91        0.00910        0.28460                  
86   89        0.00890        0.27550                  
87   75        0.00750        0.26660                  
88   77        0.00770        0.25910                  
89   79        0.00790        0.25140                  
90   72        0.00720        0.24350                  
91   99        0.00990        0.23630                  
92   66        0.00660        0.22640                  
93   76        0.00760        0.21980                  
94   75        0.00750        0.21220                  
95   64        0.00640        0.20470                  
96   76        0.00760        0.19830                  
97   44        0.00440        0.19070                  
98   62        0.00620        0.18630                  
99   71        0.00710        0.18010                  
100  61        0.00610        0.17300                  
101  56        0.00560        0.16690                  
102  45        0.00450        0.16130                  
103  49        0.00490        0.15680                  
104  55        0.00550        0.15190                  
105  42        0.00420        0.14640                  
106  46        0.00460        0.14220                  
107  50        0.00500        0.13760                  
108  54        0.00540        0.13260                  
109  53        0.00530        0.12720                  
110  44        0.00440        0.12190                  
111  51        0.00510        0.11750                  
112  40        0.00400        0.11240                  
113  29        0.00290        0.10840                  
114  39        0.00390        0.10550                  
115  38        0.00380        0.10160                  
116  28        0.00280        0.09780                  
117  43        0.00430        0.09500                  
118  24        0.00240        0.09070                  
119  25        0.00250        0.08830                  
120  19        0.00190        0.08580                  
121  34        0.00340        0.08390                  
122  29        0.00290        0.08050                  
123  33        0.00330        0.07760                  
124  31        0.00310        0.07430                  
125  22        0.00220        0.07120                  
126  23        0.00230        0.06900                  
127  26        0.00260        0.06670                  
128  21        0.00210        0.06410                  
129  20        0.00200        0.06200                  
130  18        0.00180        0.06000                  
131  26        0.00260        0.05820                  
132  14        0.00140        0.05560                  
133  11        0.00110        0.05420                  
134  18        0.00180        0.05310                  
135  28        0.00280        0.05130                  
136  20        0.00200        0.04850                  
137  17        0.00170        0.04650                  
138  16        0.00160        0.04480                  
139  14        0.00140        0.04320                  
140  14        0.00140        0.04180                  
141  9         0.00090        0.04040                  
142  15        0.00150        0.03950                  
143  11        0.00110        0.03800                  
144  15        0.00150        0.03690                  
145  12        0.00120        0.03540                  
146  14        0.00140        0.03420                  
147  14        0.00140        0.03280                  
148  15        0.00150        0.03140                  
149  12        0.00120        0.02990                  
150  10        0.00100        0.02870                  
151  4         0.00040        0.02770                  
152  10        0.00100        0.02730                  
153  7         0.00070        0.02630                  
154  6         0.00060        0.02560                  
155  9         0.00090        0.02500                  
156  16        0.00160        0.02410                  
157  10        0.00100        0.02250                  
158  8         0.00080        0.02150                  
159  5         0.00050        0.02070                  
160  8         0.00080        0.02020                  
161  7         0.00070        0.01940                  
162  3         0.00030        0.01870                  
163  5         0.00050        0.01840                  
164  7         0.00070        0.01790                  
165  1         0.00010        0.01720                  
166  9         0.00090        0.01710                  
167  5         0.00050        0.01620                  
168  8         0.00080        0.01570                  
169  5         0.00050        0.01490                  
170  2         0.00020        0.01440                  
171  6         0.00060        0.01420                  
172  5         0.00050        0.01360                  
173  7         0.00070        0.01310                  
174  5         0.00050        0.01240                  
175  2         0.00020        0.01190                  
176  4         0.00040        0.01170                  
177  4         0.00040        0.01130                  
178  5         0.00050        0.01090                  
179  4         0.00040        0.01040                  
180  6         0.00060        0.01000                  
181  4         0.00040        0.00940                  
182  4         0.00040        0.00900                  
183  2         0.00020        0.00860                  
184  7         0.00070        0.00840                  
185  4         0.00040        0.00770                  
186  3         0.00030        0.00730                  
187  3         0.00030        0.00700                  
188  1         0.00010        0.00670                  
189  3         0.00030        0.00660                  
190  2         0.00020        0.00630                  
191  2         0.00020        0.00610                  
192  2         0.00020        0.00590                  
193  4         0.00040        0.00570                  
194  1         0.00010        0.00530                  
195  1         0.00010        0.00520                  
196  1         0.00010        0.00510                  
198  2         0.00020        0.00500                  
199  2         0.00020        0.00480                  
200  4         0.00040        0.00460                  
201  1         0.00010        0.00420                  
202  2         0.00020        0.00410                  
203  1         0.00010        0.00390                  
204  4         0.00040        0.00380                  
205  4         0.00040        0.00340                  
206  2         0.00020        0.00300                  
207  1         0.00010        0.00280                  
209  2         0.00020        0.00270                  
213  1         0.00010        0.00250                  
214  1         0.00010        0.00240                  
215  1         0.00010        0.00230                  
216  2         0.00020        0.00220                  
218  1         0.00010        0.00200                  
225  2         0.00020        0.00190                  
226  1         0.00010        0.00170                  
227  1         0.00010        0.00160                  
235  1         0.00010        0.00150                  
237  1         0.00010        0.00140                  
238  1         0.00010        0.00130                  
241  1         0.00010        0.00120                  
246  1         0.00010        0.00110                  
247  1         0.00010        0.00100                  
250  1         0.00010        0.00090                  
253  2         0.00020        0.00080                  
256  1         0.00010        0.00060                  
257  1         0.00010        0.00050                  
272  1         0.00010        0.00040                  
274  1         0.00010        0.00030                  
307  1         0.00010        0.00020                  
318  1         0.00010        0.00010                  
