16   1    0.00001   1.00000
17   1    0.00001   0.99999
18   2    0.00002   0.99998
19   2    0.00002   0.99996
20   2    0.00002   0.99994
21   2    0.00002   0.99992
22   1    0.00001   0.99990
23   17   0.00017   0.99989
24   2    0.00002   0.99972
25   4    0.00004   0.99970
26   12   0.00012   0.99966
27   25   0.00025   0.99954
28   5    0.00005   0.99929
29   6    0.00006   0.99924
30   11   0.00011   0.99918
31   43   0.00043   0.99907
32   10   0.00010   0.99864
33   31   0.00031   0.99854
34   10   0.00010   0.99823
35   60   0.00060   0.99813
36   30   0.00030   0.99753
37   17   0.00017   0.99723
38   31   0.00031   0.99706
39   8    0.00008   0.99675
40   88   0.00088   0.99667
41   97   0.00097   0.99579
42   14   0.00014   0.99482
43   103  0.00103   0.99468
44   191  0.00191   0.99365
45   57   0.00057   0.99174
46   17   0.00017   0.99117
47   81   0.00081   0.99100
48   78   0.00078   0.99019
49   12   0.00012   0.98941
50   62   0.00062   0.98929
51   206  0.00206   0.98867
52   168  0.00168   0.98661
53   72   0.00072   0.98493
54   550  0.00550   0.98421
55   445  0.00445   0.97871
56   114  0.00114   0.97426
57   136  0.00136   0.97312
58   490  0.00490   0.97176
59   7    0.00007   0.96686
60   402  0.00402   0.96679
61   116  0.00116   0.96277
62   668  0.00668   0.96161
63   197  0.00197   0.95493
64   362  0.00362   0.95296
65   385  0.00385   0.94934
66   2031 0.02031   0.94549
67   1038 0.01038   0.92518
68   443  0.00443   0.91480
69   251  0.00251   0.91037
70   21   0.00021   0.90786
71   459  0.00459   0.90765
72   468  0.00468   0.90306
73   811  0.00811   0.89838
74   9    0.00009   0.89027
75   4    0.00004   0.89018
76   133  0.00133   0.89014
77   475  0.00475   0.88881
78   6    0.00006   0.88406
79   1163 0.01163   0.88400
80   66   0.00066   0.87237
81   16   0.00016   0.87171
82   65   0.00065   0.87155
83   37   0.00037   0.87090
84   15   0.00015   0.87053
85   1446 0.01446   0.87038
86   597  0.00597   0.85592
87   722  0.00722   0.84995
88   784  0.00784   0.84273
89   13   0.00013   0.83489
90   1474 0.01474   0.83476
91   51   0.00051   0.82002
92   1481 0.01481   0.81951
93   315  0.00315   0.80470
94   8    0.00008   0.80155
95   58   0.00058   0.80147
96   923  0.00923   0.80089
97   184  0.00184   0.79166
98   3140 0.03140   0.78982
99   425  0.00425   0.75842
100  31   0.00031   0.75417
101  233  0.00233   0.75386
102  593  0.00593   0.75153
103  2078 0.02078   0.74560
104  398  0.00398   0.72482
105  200  0.00200   0.72084
106  2101 0.02101   0.71884
107  15   0.00015   0.69783
108  459  0.00459   0.69768
109  49   0.00049   0.69309
110  84   0.00084   0.69260
111  651  0.00651   0.69176
112  383  0.00383   0.68525
113  2964 0.02964   0.68142
114  22   0.00022   0.65178
116  63   0.00063   0.65156
117  2195 0.02195   0.65093
118  240  0.00240   0.62898
119  1363 0.01363   0.62658
120  1    0.00001   0.61295
121  49   0.00049   0.61294
124  1    0.00001   0.61245
125  780  0.00780   0.61244
126  839  0.00839   0.60464
127  344  0.00344   0.59625
129  51   0.00051   0.59281
133  5    0.00005   0.59230
134  851  0.00851   0.59225
135  2795 0.02795   0.58374
137  1    0.00001   0.55579
138  10   0.00010   0.55578
139  477  0.00477   0.55568
142  1399 0.01399   0.55091
143  26   0.00026   0.53692
146  1275 0.01275   0.53666
147  1340 0.01340   0.52391
148  3626 0.03626   0.51051
149  1363 0.01363   0.47425
150  172  0.00172   0.46062
152  2025 0.02025   0.45890
153  1318 0.01318   0.43865
154  245  0.00245   0.42547
155  2675 0.02675   0.42302
157  1261 0.01261   0.39627
159  1279 0.01279   0.38366
161  719  0.00719   0.37087
162  1578 0.01578   0.36368
163  254  0.00254   0.34790
164  103  0.00103   0.34536
165  1381 0.01381   0.34433
166  635  0.00635   0.33052
167  812  0.00812   0.32417
168  814  0.00814   0.31605
169  2178 0.02178   0.30791
170  341  0.00341   0.28613
172  311  0.00311   0.28272
173  437  0.00437   0.27961
174  306  0.00306   0.27524
176  1208 0.01208   0.27218
177  574  0.00574   0.26010
178  33   0.00033   0.25436
179  1532 0.01532   0.25403
180  555  0.00555   0.23871
181  47   0.00047   0.23316
183  162  0.00162   0.23269
184  76   0.00076   0.23107
185  27   0.00027   0.23031
186  217  0.00217   0.23004
187  1267 0.01267   0.22787
188  512  0.00512   0.21520
190  21   0.00021   0.21008
191  95   0.00095   0.20987
192  2375 0.02375   0.20892
193  871  0.00871   0.18517
196  1200 0.01200   0.17646
197  414  0.00414   0.16446
198  51   0.00051   0.16032
199  4    0.00004   0.15981
200  2328 0.02328   0.15977
201  942  0.00942   0.13649
203  265  0.00265   0.12707
204  1333 0.01333   0.12442
205  63   0.00063   0.11109
207  226  0.00226   0.11046
208  10   0.00010   0.10820
209  309  0.00309   0.10810
211  29   0.00029   0.10501
212  320  0.00320   0.10472
213  900  0.00900   0.10152
216  112  0.00112   0.09252
219  52   0.00052   0.09140
220  525  0.00525   0.09088
221  722  0.00722   0.08563
222  228  0.00228   0.07841
223  2    0.00002   0.07613
224  58   0.00058   0.07611
225  21   0.00021   0.07553
226  139  0.00139   0.07532
227  63   0.00063   0.07393
228  421  0.00421   0.07330
229  1    0.00001   0.06909
230  77   0.00077   0.06908
232  250  0.00250   0.06831
233  19   0.00019   0.06581
236  159  0.00159   0.06562
239  58   0.00058   0.06403
240  4    0.00004   0.06345
241  71   0.00071   0.06341
243  169  0.00169   0.06270
249  65   0.00065   0.06101
250  75   0.00075   0.06036
251  13   0.00013   0.05961
252  7    0.00007   0.05948
254  256  0.00256   0.05941
255  11   0.00011   0.05685
256  196  0.00196   0.05674
258  159  0.00159   0.05478
262  76   0.00076   0.05319
265  27   0.00027   0.05243
266  211  0.00211   0.05216
267  481  0.00481   0.05005
268  259  0.00259   0.04524
269  3    0.00003   0.04265
270  125  0.00125   0.04262
271  235  0.00235   0.04137
273  12   0.00012   0.03902
274  21   0.00021   0.03890
277  117  0.00117   0.03869
279  11   0.00011   0.03752
281  74   0.00074   0.03741
282  72   0.00072   0.03667
283  35   0.00035   0.03595
287  60   0.00060   0.03560
288  265  0.00265   0.03500
289  86   0.00086   0.03235
290  59   0.00059   0.03149
292  29   0.00029   0.03090
293  5    0.00005   0.03061
294  20   0.00020   0.03056
295  113  0.00113   0.03036
296  71   0.00071   0.02923
298  7    0.00007   0.02852
300  30   0.00030   0.02845
301  310  0.00310   0.02815
302  148  0.00148   0.02505
303  24   0.00024   0.02357
304  60   0.00060   0.02333
305  165  0.00165   0.02273
307  1    0.00001   0.02108
308  9    0.00009   0.02107
310  2    0.00002   0.02098
311  10   0.00010   0.02096
313  56   0.00056   0.02086
315  2    0.00002   0.02030
317  108  0.00108   0.02028
320  1    0.00001   0.01920
322  94   0.00094   0.01919
324  11   0.00011   0.01825
325  16   0.00016   0.01814
326  90   0.00090   0.01798
327  77   0.00077   0.01708
328  18   0.00018   0.01631
329  54   0.00054   0.01613
330  25   0.00025   0.01559
331  44   0.00044   0.01534
333  2    0.00002   0.01490
334  2    0.00002   0.01488
336  91   0.00091   0.01486
338  20   0.00020   0.01395
339  8    0.00008   0.01375
340  64   0.00064   0.01367
341  26   0.00026   0.01303
344  30   0.00030   0.01277
348  21   0.00021   0.01247
349  74   0.00074   0.01226
351  22   0.00022   0.01152
352  10   0.00010   0.01130
353  3    0.00003   0.01120
355  21   0.00021   0.01117
356  1    0.00001   0.01096
358  72   0.00072   0.01095
362  162  0.00162   0.01023
363  47   0.00047   0.00861
366  64   0.00064   0.00814
369  3    0.00003   0.00750
370  9    0.00009   0.00747
371  128  0.00128   0.00738
372  41   0.00041   0.00610
373  20   0.00020   0.00569
375  134  0.00134   0.00549
376  23   0.00023   0.00415
377  5    0.00005   0.00392
379  40   0.00040   0.00387
383  73   0.00073   0.00347
384  8    0.00008   0.00274
385  1    0.00001   0.00266
386  37   0.00037   0.00265
387  21   0.00021   0.00228
390  41   0.00041   0.00207
392  40   0.00040   0.00166
393  1    0.00001   0.00126
394  4    0.00004   0.00125
396  12   0.00012   0.00121
397  1    0.00001   0.00109
399  17   0.00017   0.00108
401  2    0.00002   0.00091
403  7    0.00007   0.00089
404  15   0.00015   0.00082
407  9    0.00009   0.00067
410  1    0.00001   0.00058
411  4    0.00004   0.00057
414  11   0.00011   0.00053
415  3    0.00003   0.00042
418  1    0.00001   0.00039
423  6    0.00006   0.00038
428  2    0.00002   0.00032
435  1    0.00001   0.00030
440  2    0.00002   0.00029
442  1    0.00001   0.00027
449  1    0.00001   0.00026
453  4    0.00004   0.00025
463  3    0.00003   0.00021
467  1    0.00001   0.00018
485  3    0.00003   0.00017
498  6    0.00006   0.00014
499  1    0.00001   0.00008
502  5    0.00005   0.00007
519  1    0.00001   0.00002
526  1    0.00001   0.00001
