9    1    0.00001   1.00000
10   1    0.00001   0.99999
11   3    0.00003   0.99998
12   3    0.00003   0.99995
13   2    0.00002   0.99992
14   8    0.00008   0.99990
15   14   0.00014   0.99982
16   21   0.00021   0.99968
17   30   0.00030   0.99947
18   43   0.00043   0.99917
19   67   0.00067   0.99874
20   75   0.00075   0.99807
21   81   0.00081   0.99732
22   109  0.00109   0.99651
23   151  0.00151   0.99542
24   195  0.00195   0.99391
25   233  0.00233   0.99196
26   295  0.00295   0.98963
27   317  0.00317   0.98668
28   373  0.00373   0.98351
29   441  0.00441   0.97978
30   506  0.00506   0.97537
31   589  0.00589   0.97031
32   628  0.00628   0.96442
33   711  0.00711   0.95814
34   774  0.00774   0.95103
35   846  0.00846   0.94329
36   944  0.00944   0.93483
37   965  0.00965   0.92539
38   1013 0.01013   0.91574
39   1101 0.01101   0.90561
40   1198 0.01198   0.89460
41   1298 0.01298   0.88262
42   1279 0.01279   0.86964
43   1392 0.01392   0.85685
44   1398 0.01398   0.84293
45   1461 0.01461   0.82895
46   1520 0.01520   0.81434
47   1479 0.01479   0.79914
48   1618 0.01618   0.78435
49   1516 0.01516   0.76817
50   1560 0.01560   0.75301
51   1515 0.01515   0.73741
52   1565 0.01565   0.72226
53   1539 0.01539   0.70661
54   1565 0.01565   0.69122
55   1616 0.01616   0.67557
56   1549 0.01549   0.65941
57   1590 0.01590   0.64392
58   1618 0.01618   0.62802
59   1564 0.01564   0.61184
60   1559 0.01559   0.59620
61   1586 0.01586   0.58061
62   1519 0.01519   0.56475
63   1545 0.01545   0.54956
64   1367 0.01367   0.53411
65   1469 0.01469   0.52044
66   1412 0.01412   0.50575
67   1380 0.01380   0.49163
68   1353 0.01353   0.47783
69   1361 0.01361   0.46430
70   1299 0.01299   0.45069
71   1197 0.01197   0.43770
72   1252 0.01252   0.42573
73   1214 0.01214   0.41321
74   1180 0.01180   0.40107
75   1197 0.01197   0.38927
76   1178 0.01178   0.37730
77   1087 0.01087   0.36552
78   1014 0.01014   0.35465
79   1102 0.01102   0.34451
80   1070 0.01070   0.33349
81   1017 0.01017   0.32279
82   1007 0.01007   0.31262
83   930  0.00930   0.30255
84   928  0.00928   0.29325
85   903  0.00903   0.28397
86   877  0.00877   0.27494
87   857  0.00857   0.26617
88   818  0.00818   0.25760
89   808  0.00808   0.24942
90   748  0.00748   0.24134
91   739  0.00739   0.23386
92   742  0.00742   0.22647
93   776  0.00776   0.21905
94   699  0.00699   0.21129
95   686  0.00686   0.20430
96   652  0.00652   0.19744
97   632  0.00632   0.19092
98   599  0.00599   0.18460
99   626  0.00626   0.17861
100  543  0.00543   0.17235
101  530  0.00530   0.16692
102  511  0.00511   0.16162
103  502  0.00502   0.15651
104  509  0.00509   0.15149
105  500  0.00500   0.14640
106  511  0.00511   0.14140
107  441  0.00441   0.13629
108  462  0.00462   0.13188
109  431  0.00431   0.12726
110  400  0.00400   0.12295
111  416  0.00416   0.11895
112  379  0.00379   0.11479
113  374  0.00374   0.11100
114  361  0.00361   0.10726
115  368  0.00368   0.10365
116  368  0.00368   0.09997
117  313  0.00313   0.09629
118  310  0.00310   0.09316
119  337  0.00337   0.09006
120  299  0.00299   0.08669
121  297  0.00297   0.08370
122  266  0.00266   0.08073
123  256  0.00256   0.07807
124  286  0.00286   0.07551
125  228  0.00228   0.07265
126  255  0.00255   0.07037
127  235  0.00235   0.06782
128  226  0.00226   0.06547
129  248  0.00248   0.06321
130  210  0.00210   0.06073
131  211  0.00211   0.05863
132  204  0.00204   0.05652
133  202  0.00202   0.05448
134  185  0.00185   0.05246
135  196  0.00196   0.05061
136  154  0.00154   0.04865
137  160  0.00160   0.04711
138  144  0.00144   0.04551
139  152  0.00152   0.04407
140  122  0.00122   0.04255
141  132  0.00132   0.04133
142  123  0.00123   0.04001
143  142  0.00142   0.03878
144  128  0.00128   0.03736
145  138  0.00138   0.03608
146  127  0.00127   0.03470
147  127  0.00127   0.03343
148  106  0.00106   0.03216
149  114  0.00114   0.03110
150  102  0.00102   0.02996
151  93   0.00093   0.02894
152  84   0.00084   0.02801
153  97   0.00097   0.02717
154  95   0.00095   0.02620
155  95   0.00095   0.02525
156  88   0.00088   0.02430
157  95   0.00095   0.02342
158  87   0.00087   0.02247
159  71   0.00071   0.02160
160  65   0.00065   0.02089
161  62   0.00062   0.02024
162  67   0.00067   0.01962
163  68   0.00068   0.01895
164  60   0.00060   0.01827
165  59   0.00059   0.01767
166  54   0.00054   0.01708
167  55   0.00055   0.01654
168  53   0.00053   0.01599
169  70   0.00070   0.01546
170  34   0.00034   0.01476
171  61   0.00061   0.01442
172  44   0.00044   0.01381
173  47   0.00047   0.01337
174  41   0.00041   0.01290
175  38   0.00038   0.01249
176  38   0.00038   0.01211
177  34   0.00034   0.01173
178  42   0.00042   0.01139
179  32   0.00032   0.01097
180  38   0.00038   0.01065
181  39   0.00039   0.01027
182  39   0.00039   0.00988
183  36   0.00036   0.00949
184  30   0.00030   0.00913
185  40   0.00040   0.00883
186  37   0.00037   0.00843
187  24   0.00024   0.00806
188  27   0.00027   0.00782
189  34   0.00034   0.00755
190  26   0.00026   0.00721
191  17   0.00017   0.00695
192  27   0.00027   0.00678
193  24   0.00024   0.00651
194  30   0.00030   0.00627
195  17   0.00017   0.00597
196  15   0.00015   0.00580
197  19   0.00019   0.00565
198  18   0.00018   0.00546
199  17   0.00017   0.00528
200  14   0.00014   0.00511
201  21   0.00021   0.00497
202  17   0.00017   0.00476
203  13   0.00013   0.00459
204  21   0.00021   0.00446
205  18   0.00018   0.00425
206  17   0.00017   0.00407
207  12   0.00012   0.00390
208  11   0.00011   0.00378
209  20   0.00020   0.00367
210  18   0.00018   0.00347
211  12   0.00012   0.00329
212  8    0.00008   0.00317
213  11   0.00011   0.00309
214  7    0.00007   0.00298
215  8    0.00008   0.00291
216  8    0.00008   0.00283
217  8    0.00008   0.00275
218  14   0.00014   0.00267
219  7    0.00007   0.00253
220  15   0.00015   0.00246
221  9    0.00009   0.00231
222  9    0.00009   0.00222
223  6    0.00006   0.00213
224  7    0.00007   0.00207
225  3    0.00003   0.00200
226  5    0.00005   0.00197
227  11   0.00011   0.00192
228  3    0.00003   0.00181
229  4    0.00004   0.00178
230  11   0.00011   0.00174
231  5    0.00005   0.00163
232  7    0.00007   0.00158
233  1    0.00001   0.00151
234  5    0.00005   0.00150
235  10   0.00010   0.00145
236  4    0.00004   0.00135
237  5    0.00005   0.00131
238  6    0.00006   0.00126
239  2    0.00002   0.00120
240  6    0.00006   0.00118
241  3    0.00003   0.00112
242  3    0.00003   0.00109
243  6    0.00006   0.00106
244  1    0.00001   0.00100
245  2    0.00002   0.00099
246  3    0.00003   0.00097
247  3    0.00003   0.00094
248  5    0.00005   0.00091
249  1    0.00001   0.00086
250  1    0.00001   0.00085
251  2    0.00002   0.00084
252  2    0.00002   0.00082
253  1    0.00001   0.00080
254  2    0.00002   0.00079
255  1    0.00001   0.00077
256  3    0.00003   0.00076
257  1    0.00001   0.00073
258  2    0.00002   0.00072
260  2    0.00002   0.00070
261  2    0.00002   0.00068
262  1    0.00001   0.00066
263  5    0.00005   0.00065
264  1    0.00001   0.00060
265  1    0.00001   0.00059
266  1    0.00001   0.00058
267  3    0.00003   0.00057
268  2    0.00002   0.00054
269  2    0.00002   0.00052
270  1    0.00001   0.00050
272  3    0.00003   0.00049
273  1    0.00001   0.00046
274  2    0.00002   0.00045
275  4    0.00004   0.00043
278  2    0.00002   0.00039
279  1    0.00001   0.00037
280  1    0.00001   0.00036
282  3    0.00003   0.00035
283  2    0.00002   0.00032
284  1    0.00001   0.00030
285  1    0.00001   0.00029
286  1    0.00001   0.00028
287  1    0.00001   0.00027
288  1    0.00001   0.00026
289  1    0.00001   0.00025
290  2    0.00002   0.00024
292  2    0.00002   0.00022
295  1    0.00001   0.00020
298  1    0.00001   0.00019
299  2    0.00002   0.00018
301  1    0.00001   0.00016
302  1    0.00001   0.00015
303  1    0.00001   0.00014
304  1    0.00001   0.00013
306  1    0.00001   0.00012
307  1    0.00001   0.00011
310  1    0.00001   0.00010
312  1    0.00001   0.00009
316  1    0.00001   0.00008
320  1    0.00001   0.00007
323  1    0.00001   0.00006
328  1    0.00001   0.00005
334  1    0.00001   0.00004
340  1    0.00001   0.00003
389  1    0.00001   0.00002
398  1    0.00001   0.00001
